1.021850
0.004463
0.004490
0.009729
0.004623
0.004564
0.009648
0.004582
0.004541
0.009622
0.004508
0.004533
0.024535
0.018818
0.004491
0.011713
0.009024
0.004912
0.011641
0.005032
0.004921
0.011499
0.020438
0.004919
0.012924
0.005129
0.004946
0.011417
0.004860
0.004975
0.016162
0.005714
0.005345
0.018362
0.022597
0.005460
0.016283
0.020079
0.005347
0.016420
0.006036
0.021609
0.016058
0.005644
0.005373
0.038153
0.021660
0.007659
0.034923
0.013863
0.011107
0.028928
0.008133
0.007335
0.029796
0.008619
0.040456
0.034165
0.012851
0.010913
0.084913
0.031336
0.046521
0.080402
0.023439
0.027397
0.097300
0.021497
0.044164
0.094629
0.040347
0.050023
0.085430
0.023620
0.019548
0.465349
0.046020
0.033432
0.504006
0.052020
0.060867
0.445244
0.118916
0.075640
0.672952
0.084384
0.048407
0.540708
0.065614
0.056575
2.550010
0.206709
0.111805
2.558633
0.221856
0.119679
2.210109
0.176166
0.126581
2.475418
0.217757
0.133715
2.542984
0.233223
0.153466
0.010296
0.021351
0.032781
0.010485
0.019781
0.004503
0.010287
0.022086
0.004510
0.010527
0.020489
0.004585
0.025207
0.004563
0.004504
0.012217
0.018427
0.035276
0.013219
0.033784
0.024773
0.026665
0.005031
0.017199
0.020182
0.008991
0.004977
0.025104
0.018799
0.004850
0.018543
0.036299
0.019603
0.021138
0.006821
0.041710
0.019548
0.006680
0.005844
0.022982
0.007108
0.050950
0.021051
0.007037
0.006160
0.033644
0.025696
0.009044
0.049181
0.015764
0.024965
0.036803
0.012085
0.025934
0.033805
0.039525
0.009273
0.038067
0.246496
0.022173
0.115529
0.037063
0.034975
0.107435
0.055115
0.028454
0.079596
0.023807
0.024035
0.111028
0.036524
0.035294
0.152357
0.022177
0.039764
0.674996
0.080360
0.041746
0.881867
0.085094
0.058202
0.643931
0.083177
0.045147
0.688413
0.081889
0.042407
0.621606
0.074489
0.041663
2.753487
0.243444
0.174203
2.631274
0.344836
0.146250
2.752119
0.259001
0.134619
2.614787
0.503360
0.287334
2.751063
0.230242
0.168416
0.023734
0.005258
0.021048
0.027005
0.005908
0.023460
0.017074
0.021978
0.021096
0.028687
0.005958
0.006746
0.085970
0.006353
0.006634
0.045457
0.017751
0.013769
0.035031
0.022172
0.021774
0.039967
0.012821
0.031054
0.020715
0.005848
0.020312
0.054023
0.026752
0.014496
0.049971
0.006791
0.005874
0.050702
0.013965
0.026967
0.056623
0.007873
0.040488
0.231535
0.014256
0.012841
0.032943
0.007685
0.023388
0.060506
0.034487
0.027406
0.264626
0.025868
0.025589
0.277962
0.027291
0.009994
0.272727
0.024878
0.011657
0.255489
0.016934
0.031488
0.184211
0.059796
0.044768
0.366404
0.082885
0.040707
0.156603
0.079393
0.084632
0.331266
0.053512
0.055650
0.166739
0.033406
0.031532
0.765365
0.174401
0.080844
0.794916
0.134584
0.100094
0.968092
0.103242
0.065719
0.791593
0.108266
0.061428
0.731718
0.089020
0.050165
3.258454
0.388999
0.177239
3.107527
0.353106
0.139166
2.886935
0.498954
0.195648
3.020854
0.408414
0.186779
2.823128
0.415546
0.189356
0.038816
0.006628
0.005597
0.013621
0.022912
0.004647
0.034952
0.017621
0.004474
0.028613
0.032784
0.004661
0.037481
0.052366
0.036448
0.053409
0.005963
0.005730
0.041550
0.005680
0.057091
0.046853
0.035940
0.005154
0.045414
0.006750
0.018476
0.054761
0.020859
0.039424
0.058272
0.007574
0.006173
0.086014
0.011091
0.023421
0.058768
0.023151
0.047220
0.239819
0.040999
0.030864
0.271667
0.022163
0.038209
0.107001
0.030708
0.028028
0.090155
0.014645
0.027561
0.086881
0.014997
0.041120
0.097720
0.031462
0.015422
0.286914
0.027523
0.044974
0.179345
0.082822
0.059597
0.204426
0.049519
0.039551
0.243377
0.065586
0.042131
0.212591
0.056986
0.038987
0.365336
0.056823
0.044259
0.871659
0.196561
0.141234
1.258756
0.162204
0.176568
1.134418
0.192600
0.116808
0.903288
0.192671
0.133173
1.102058
0.142116
0.141814
3.338983
0.491127
0.319799
3.582923
0.440301
0.271532
3.603520
0.500749
0.453952
3.241888
0.477507
0.385468
3.985558
0.561090
0.455987
0.079101
0.027718
0.023688
0.042531
0.006327
0.024306
0.038308
0.005905
0.005181
0.046371
0.006822
0.032796
0.043586
0.007022
0.019783
0.056830
0.040642
0.005707
0.029339
0.006385
0.005370
0.044832
0.045005
0.053013
0.046550
0.025071
0.005480
0.050791
0.006386
0.021071
0.063673
0.030477
0.037441
0.065428
0.024236
0.008070
0.082853
0.038199
0.008035
0.248741
0.011027
0.050353
0.079248
0.023992
0.018792
0.104089
0.021600
0.048623
0.119420
0.033012
0.063782
0.114767
0.029303
0.037225
0.115374
0.037897
0.032264
0.104725
0.064740
0.024876
0.473862
0.098970
0.090600
0.240100
0.078279
0.078223
0.429776
0.106102
0.096852
0.460185
0.104521
0.111891
0.244039
0.087071
0.082345
1.248535
0.297116
0.230297
1.188737
0.325345
0.224511
0.936563
0.396915
0.263166
1.178160
0.299730
0.236631
1.000281
0.340771
0.213701
4.129378
1.214431
0.858255
4.326462
1.236003
0.845959
3.853338
1.255065
0.874942
4.212706
1.286972
0.828431
4.473189
1.262824
0.863543